-2 Level  Dice_rolls  Dice_sides  Dice_bonus
0 1 1 1
1 1 4 1
2 1 4 2
3 1 5 3
4 2 4 1
5 2 5 1
6 2 5 4
7 2 5 5
8 2 5 8
9 2 5 12
10 2 5 18
11 2 5 22
12 2 5 45
13 2 5 50
14 2 5 55
15 3 5 60
16 3 5 67
17 3 5 72
18 3 5 79
19 3 5 82
20 3 5 88
21 4 5 90
22 4 5 95
23 4 5 100
24 4 5 105
25 4 5 110
26 4 5 115
27 4 5 120
28 5 5 125
29 5 5 130
30 5 5 140
31 5 6 150
32 5 6 160
33 5 6 195
34 5 6 205
35 5 6 210
36 5 6 215
37 5 6 220
38 5 6 225
39 5 6 230
40 5 6 235
41 5 7 240
42 5 7 242
43 5 7 245
44 5 7 247
45 5 7 250
46 5 8 255
47 5 8 260
48 5 8 265
49 5 8 270
50 5 9 275
51 5 9 280
52 5 9 285
53 5 9 290
54 5 9 295
55 5 9 300
56 6 9 300
57 6 9 305
58 6 9 310
59 6 9 315
60 6 9 320
61 6 10 320
62 6 10 325
63 6 10 330
64 6 10 335
65 6 10 340
66 7 10 340
67 7 10 345
68 7 10 350
69 7 10 355
70 7 10 360
71 7 11 360
72 7 11 365
73 7 11 370
74 7 11 375
75 7 11 380
76 8 11 380
77 8 11 385
78 8 11 390
79 8 11 395
80 8 11 400
81 8 12 400
82 8 12 405
83 8 12 410
84 8 12 415
85 8 12 420
86 9 12 420
87 9 12 425
88 9 12 430
89 9 12 435
90 9 12 440
91 9 13 440
92 9 13 445
93 9 13 450
94 9 13 455
95 9 13 460
96 10 13 460
97 10 13 465
98 10 13 470
99 10 13 475
100 10 14 480
101 10 14 485
102 10 14 490
103 10 14 495
104 10 14 500
105 11 14 505
106 11 14 510
107 11 14 515
108 11 14 520
109 11 14 525
110 11 14 530
111 11 15 535
112 11 15 540
113 11 15 545
114 11 15 550
115 12 15 555
116 12 15 560
117 12 15 565
118 12 15 570
119 12 15 575
120 12 15 580
121 12 16 585
122 12 16 590
123 12 16 595
124 12 16 600
125 13 16 605
126 13 16 610
127 13 16 615
128 13 16 620
129 13 16 625
130 13 16 630
131 13 17 635
132 13 17 640
133 13 17 645
134 14 17 650
135 14 17 655
136 14 17 660
137 14 17 665
138 14 17 670
139 14 17 675
140 14 17 680
141 14 18 685
142 14 18 690
143 14 18 695
144 15 18 700
145 15 18 705
146 15 18 710
147 15 18 715
148 15 18 720
149 15 18 725
-1
