-2 Level  Dice_rolls  Dice_sides  Dice_bonus
0 1 1 1
1 1 4 5
2 1 4 5
3 1 5 5
4 2 4 5
5 2 5 5
6 2 5 10
7 2 5 15
8 2 5 18
9 2 5 25
10 2 5 30
11 2 5 30
12 2 5 40
13 2 5 50
14 2 5 55
15 3 5 60
16 3 5 65
17 3 5 70
18 3 5 75
19 3 5 80
20 3 5 85
21 4 5 90
22 4 5 95
23 4 5 100
24 4 5 105
25 4 5 110
26 4 5 115
27 4 5 120
28 5 5 125
29 5 5 130
30 5 5 140
31 5 6 150
32 5 6 160
33 5 6 170
34 5 6 180
35 5 6 190
36 5 6 200
37 5 6 210
38 5 6 220
39 5 6 230
40 5 6 235
41 5 7 240
42 5 7 245
43 5 7 250
44 5 7 255
45 5 7 260
46 5 8 265
47 5 8 270
48 5 8 275
49 5 8 270
50 5 9 275
51 5 9 280
52 5 9 285
53 5 9 290
54 5 9 295
55 5 9 300
56 6 9 300
57 6 9 310
58 6 9 315
59 6 9 325
60 6 9 330
61 6 10 335
62 6 10 345
63 6 10 350
64 6 10 355
65 6 10 360
66 7 10 370
67 7 10 385
68 7 10 350
69 7 10 355
70 7 10 360
71 7 11 360
72 7 11 365
73 7 11 370
74 7 11 375
75 7 11 380
76 8 11 400
77 8 11 420
78 8 11 440
79 8 11 460
80 8 11 480
81 8 12 500
82 8 12 500
83 8 12 500
84 8 12 520
85 8 12 530
86 9 12 540
87 9 12 550
88 9 12 560
89 9 12 575
90 9 12 575
91 9 13 575
92 9 13 575
93 9 13 600
94 9 13 600
95 9 13 600
96 10 13 620
97 10 13 620
98 10 13 620
99 10 13 630
100 10 14 650
101 10 14 658
102 10 14 667
103 10 14 675
104 10 14 684
105 11 14 692
106 11 14 701
107 11 14 709
108 11 14 717
109 11 14 726
110 11 15 734
111 11 15 743
112 11 15 751
113 11 15 759
114 11 15 768
115 12 15 776
116 12 15 785
117 12 15 793
118 12 15 802
119 12 15 810
120 12 16 818
121 12 16 827
122 12 16 835
123 12 16 844
124 13 16 852
125 13 16 860
126 13 16 869
127 13 16 877
128 13 16 886
129 13 17 894
130 13 17 903
131 13 17 911
132 13 17 919
133 13 17 928
134 14 17 936
135 14 17 945
136 14 17 953
137 14 17 962
138 14 17 970
139 14 18 978
140 14 18 987
141 14 18 995
142 14 18 1004
143 14 18 1012
144 15 18 1020
145 15 18 1029
146 15 18 1037
147 15 18 1046
148 15 19 1054
149 15 19 1063
-1
