-2 Level  Dice_rolls  Dice_sides  Dice_bonus
1 1 4 0
2 1 5 0
3 1 6 0
4 1 5 1
5 1 6 1
6 1 7 1
7 1 8 1
8 1 7 2
9 1 8 2
10 2 4 2
11 1 10 2
12 1 10 3
13 2 5 3
14 1 12 3
15 2 6 3
16 2 6 4
17 3 4 4
18 2 7 4
19 2 7 5
20 2 8 5
21 4 4 5
22 4 4 6
23 3 6 6
24 2 10 6
25 2 10 7
26 3 7 7
27 5 4 7
28 2 12 8
29 2 12 8
30 4 6 8
31 4 6 9
32 6 4 9
33 6 4 10
34 4 7 10
35 4 7 11
36 3 10 11
37 3 10 12
38 5 6 12
39 5 6 13
40 4 8 13
41 4 8 14
42 3 12 14
43 3 12 15
44 8 4 15
45 8 4 16
46 6 6 16
47 6 6 17
48 6 6 18
49 4 10 18
50 5 8 19
51 5 8 20
52 6 7 20
53 6 7 21
54 7 6 22
55 10 4 23
56 10 4 24
57 6 8 24
58 5 10 25
59 8 6 26
60 8 6 27
61 8 6 28
62 8 7 28
63 8 7 29
64 8 7 30
65 7 8 32
66 7 8 32
67 7 8 33
68 7 8 34
69 8 8 33
70 8 8 34
71 8 8 35
72 8 8 36
73 8 9 36
74 8 9 37
75 8 9 38
76 8 9 39
77 9 9 38
78 9 9 39
79 9 9 40
80 9 9 41
81 9 10 40
82 9 10 41
83 9 10 42
84 9 10 43
85 10 10 42
86 10 10 43
87 10 10 44
88 10 10 45
89 10 11 44
90 10 11 45
91 10 11 46
92 10 11 47
93 10 12 48
94 10 12 49
95 10 12 50
96 10 12 51
97 10 13 52
98 10 13 53
99 10 13 54
100 10 13 55
101 11 12 56
102 11 12 57
103 11 13 58
104 11 13 59
105 11 13 60
106 11 13 61
107 11 14 62
108 11 14 63
109 11 14 64
110 11 14 65
111 12 14 66
112 12 14 67
113 12 14 68
114 12 14 69
115 12 15 70
116 12 15 71
117 12 15 72
118 12 15 73
119 12 15 74
120 12 16 75
121 12 16 76
122 12 16 77
123 13 16 78
124 13 16 79
125 13 17 80
126 13 17 81
127 13 17 82
128 13 17 83
129 13 17 84
130 13 18 85
131 13 18 86
132 13 18 87
133 13 19 88
134 13 19 89
135 13 19 90
136 14 19 91
137 14 19 92
138 14 20 93
139 14 20 94
140 14 20 95
141 14 20 96
142 14 21 97
143 14 21 98
144 14 21 99
145 14 21 100
146 14 22 101
147 14 22 102
148 14 22 103
149 14 22 104
-1
