-2 Level  Dice_rolls  Dice_sides  Dice_bonus
1 90 -1 0
2 80 -1 0
3 70 -1 0
4 60 -1 0
5 50 -1 0
6 40 -1 0
7 35 -1 0
8 30 -1 0
9 20 -1 0
10 10 -1 0
11 5 -1 0
12 0 -1 0
13 -10 -1 0
14 -15 -1 0
15 -20 -1 0
16 -25 -1 0
17 -30 -1 0
18 -35 -1 0
19 -40 -1 0
20 -45 -1 0
21 -50 -1 0
22 -55 -1 0
23 -60 -1 0
24 -65 -1 0
25 -70 -1 0
26 -75 -1 0
27 -80 -1 0
28 -85 -1 0
29 -90 -1 0
30 -95 -1 0
31 -100 -1 0
32 -105 -1 0
33 -110 -1 0
34 -113 -1 0
35 -117 -1 0
36 -120 -1 0
37 -125 -1 0
38 -130 -1 0
39 -133 -1 0
40 -137 -1 0
41 -140 -1 0
42 -145 -1 0
43 -150 -1 0
44 -153 -1 0
45 -157 -1 0
46 -160 -1 0
47 -170 -1 0
48 -180 -1 0
49 -190 -1 0
50 -200 -1 0
51 -210 -1 0
52 -220 -1 0
53 -230 -1 0
54 -240 -1 0
55 -250 -1 0
56 -260 -1 0
57 -270 -1 0
58 -280 -1 0
59 -290 -1 0
60 -300 -1 0
61 -310 -1 0
62 -320 -1 0
63 -330 -1 0
64 -340 -1 0
65 -350 -1 0
66 -360 -1 0
67 -370 -1 0
68 -380 -1 0
69 -390 -1 0
70 -400 -1 0
71 -410 -1 0
72 -420 -1 0
73 -430 -1 0
74 -440 -1 0
75 -450 -1 0
76 -460 -1 0
77 -470 -1 0
78 -480 -1 0
79 -490 -1 0
80 -500 -1 0
81 -510 -1 0
82 -520 -1 0
83 -530 -1 0
84 -540 -1 0
85 -550 -1 0
86 -560 -1 0
87 -570 -1 0
88 -580 -1 0
89 -590 -1 0
90 -600 -1 0
91 -610 -1 0
92 -620 -1 0
93 -630 -1 0
94 -640 -1 0
95 -650 -1 0
96 -660 -1 0
97 -670 -1 0
98 -680 -1 0
99 -690 -1 0
100 -700 -1 0
101 -710 -1 0
102 -720 -1 0
103 -730 -1 0
104 -740 -1 0
105 -750 -1 0
106 -760 -1 0
107 -770 -1 0
108 -780 -1 0
109 -790 -1 0
110 -800 -1 0
111 -810 -1 0
112 -820 -1 0
113 -830 -1 0
114 -840 -1 0
115 -850 -1 0
116 -860 -1 0
117 -870 -1 0
118 -880 -1 0
119 -890 -1 0
120 -900 -1 0
121 -910 -1 0
122 -920 -1 0
123 -930 -1 0
124 -940 -1 0
125 -950 -1 0
126 -960 -1 0
127 -970 -1 0
128 -980 -1 0
129 -990 -1 0
130 -1000 -1 0
131 -1010 -1 0
132 -1020 -1 0
133 -1030 -1 0
134 -1040 -1 0
135 -1050 -1 0
136 -1060 -1 0
137 -1070 -1 0
138 -1080 -1 0
139 -1090 -1 0
140 -1100 -1 0
141 -1110 -1 0
142 -1120 -1 0
143 -1130 -1 0
144 -1140 -1 0
145 -1150 -1 0
146 -1160 -1 0
147 -1170 -1 0
148 -1180 -1 0
149 -1190 -1 0
-1
